[0.99  0.003 0.003 0.003]
0 	 [1.755 0.006 0.006 0.005]
1 	 [1.755 0.006 0.006 0.006]
2 	 [1.755 0.006 0.006 0.007]
3 	 [1.755 0.006 0.006 0.006]
4 	 [1.755 0.006 0.006 0.005]
5 	 [1.755 0.006 0.006 0.006]
6 	 [1.755 0.006 0.006 0.006]
7 	 [1.755 0.006 0.006 0.006]
8 	 [1.755 0.006 0.006 0.006]
9 	 [1.755 0.006 0.006 0.007]
10 	 [1.755 0.006 0.006 0.006]
11 	 [1.755 0.006 0.006 0.005]
12 	 [1.755 0.006 0.006 0.006]
13 	 [1.755 0.006 0.006 0.007]
14 	 [1.755 0.006 0.006 0.005]
15 	 [1.755 0.006 0.006 0.007]
16 	 [1.755 0.006 0.006 0.006]
17 	 [1.755 0.006 0.006 0.006]
18 	 [1.755 0.006 0.006 0.005]
19 	 [1.755 0.006 0.006 0.005]
20 	 [1.755 0.006 0.006 0.008]
21 	 [1.755 0.006 0.006 0.006]
22 	 [1.755 0.006 0.006 0.005]
23 	 [1.755 0.006 0.006 0.007]
24 	 [1.755 0.006 0.006 0.005]
25 	 [1.755 0.006 0.006 0.005]
26 	 [1.755 0.006 0.006 0.005]
27 	 [1.755 0.006 0.006 0.005]
28 	 [1.755 0.006 0.006 0.006]
29 	 [1.755 0.006 0.006 0.006]
30 	 [1.755 0.006 0.006 0.006]
31 	 [1.755 0.006 0.006 0.006]
32 	 [1.755 0.006 0.006 0.006]
33 	 [1.755 0.006 0.006 0.006]
34 	 [1.755 0.006 0.006 0.005]
35 	 [1.755 0.006 0.006 0.006]
36 	 [1.755 0.006 0.006 0.005]
37 	 [1.755 0.006 0.006 0.005]
38 	 [1.755 0.006 0.006 0.006]
39 	 [1.755 0.006 0.006 0.005]
40 	 [1.755 0.006 0.006 0.005]
41 	 [1.755 0.006 0.006 0.007]
42 	 [1.755 0.006 0.006 0.009]
43 	 [1.755 0.006 0.006 0.006]
44 	 [1.755 0.006 0.006 0.005]
45 	 [1.755 0.006 0.006 0.005]
46 	 [1.755 0.006 0.006 0.006]
47 	 [1.755 0.006 0.006 0.005]
48 	 [1.755 0.006 0.006 0.006]
49 	 [1.755 0.006 0.006 0.005]
50 	 [1.755 0.006 0.006 0.006]
51 	 [1.755 0.006 0.006 0.006]
52 	 [1.755 0.006 0.006 0.005]
53 	 [1.755 0.006 0.006 0.006]
54 	 [1.755 0.006 0.006 0.006]
55 	 [1.755 0.006 0.006 0.006]
56 	 [1.755 0.006 0.006 0.006]
57 	 [1.755 0.006 0.006 0.005]
58 	 [1.755 0.006 0.006 0.005]
59 	 [1.755 0.006 0.006 0.007]
60 	 [1.755 0.006 0.006 0.005]
61 	 [1.755 0.006 0.006 0.006]
62 	 [1.755 0.006 0.006 0.005]
63 	 [1.755 0.006 0.006 0.005]
64 	 [1.755 0.006 0.006 0.005]
65 	 [1.755 0.006 0.006 0.005]
66 	 [1.755 0.006 0.006 0.005]
67 	 [1.755 0.006 0.006 0.005]
68 	 [1.755 0.006 0.006 0.006]
69 	 [1.755 0.006 0.006 0.005]
70 	 [1.755 0.006 0.006 0.006]
71 	 [1.755 0.006 0.006 0.007]
72 	 [1.755 0.006 0.006 0.005]
73 	 [1.755 0.006 0.006 0.005]
74 	 [1.755 0.006 0.006 0.005]
75 	 [1.755 0.006 0.006 0.005]
76 	 [1.755 0.006 0.006 0.006]
77 	 [1.755 0.006 0.006 0.005]
78 	 [1.755 0.006 0.006 0.005]
79 	 [1.755 0.006 0.006 0.005]
80 	 [1.755 0.006 0.006 0.005]
81 	 [1.755 0.006 0.006 0.006]
82 	 [1.755 0.006 0.006 0.006]
83 	 [1.755 0.006 0.006 0.008]
84 	 [1.755 0.006 0.006 0.005]
85 	 [1.755 0.006 0.006 0.005]
86 	 [1.755 0.006 0.006 0.005]
87 	 [1.755 0.006 0.006 0.006]
88 	 [1.755 0.006 0.006 0.006]
89 	 [1.755 0.006 0.006 0.006]
90 	 [1.755 0.006 0.006 0.006]
91 	 [1.755 0.006 0.006 0.006]
92 	 [1.755 0.006 0.006 0.006]
93 	 [1.755 0.006 0.006 0.005]
94 	 [1.755 0.006 0.006 0.005]
95 	 [1.755 0.006 0.006 0.005]
96 	 [1.755 0.006 0.006 0.006]
97 	 [1.755 0.006 0.006 0.006]
98 	 [1.755 0.006 0.006 0.005]
99 	 [1.755 0.006 0.006 0.005]
100 	 [1.755 0.006 0.006 0.005]
101 	 [1.755 0.006 0.007 0.035]
102 	 [1.755 0.006 0.006 0.005]
103 	 [1.755 0.006 0.006 0.005]
104 	 [1.755 0.006 0.006 0.005]
105 	 [1.755 0.006 0.006 0.006]
106 	 [1.755 0.006 0.006 0.008]
107 	 [1.755 0.006 0.006 0.005]
108 	 [1.755 0.006 0.006 0.005]
109 	 [1.755 0.006 0.006 0.005]
110 	 [1.755 0.006 0.006 0.006]
111 	 [1.755 0.006 0.006 0.005]
112 	 [1.755 0.006 0.006 0.006]
113 	 [1.755 0.006 0.006 0.006]
114 	 [1.755 0.006 0.006 0.005]
115 	 [1.755 0.006 0.006 0.008]
116 	 [1.755 0.006 0.006 0.006]
117 	 [1.755 0.006 0.006 0.005]
118 	 [1.755 0.006 0.006 0.006]
119 	 [1.755 0.006 0.006 0.006]
120 	 [1.755 0.006 0.006 0.006]
121 	 [1.755 0.006 0.006 0.006]
122 	 [1.755 0.006 0.006 0.006]
123 	 [1.755 0.006 0.006 0.005]
124 	 [1.755 0.006 0.006 0.008]
125 	 [1.755 0.006 0.006 0.006]
126 	 [1.755 0.006 0.006 0.005]
127 	 [1.755 0.006 0.007 0.028]
128 	 [1.755 0.006 0.006 0.005]
129 	 [1.755 0.006 0.006 0.008]
130 	 [1.755 0.006 0.006 0.006]
131 	 [1.755 0.006 0.006 0.005]
132 	 [1.755 0.006 0.007 0.018]
133 	 [1.755 0.006 0.006 0.005]
134 	 [1.755 0.006 0.006 0.005]
135 	 [1.755 0.006 0.006 0.005]
136 	 [1.755 0.006 0.006 0.006]
137 	 [1.755 0.006 0.006 0.01 ]
138 	 [1.755 0.006 0.006 0.005]
139 	 [1.755 0.006 0.006 0.006]
140 	 [1.755 0.006 0.006 0.006]
141 	 [1.755 0.006 0.006 0.005]
142 	 [1.755 0.006 0.006 0.006]
143 	 [1.755 0.006 0.01  0.391]
144 	 [1.755 0.006 0.006 0.007]
145 	 [1.755 0.006 0.006 0.006]
146 	 [1.755 0.006 0.006 0.005]
147 	 [1.755 0.006 0.006 0.005]
148 	 [1.755 0.006 0.006 0.006]
149 	 [1.755 0.006 0.006 0.006]
150 	 [1.755 0.006 0.006 0.005]
151 	 [1.755 0.006 0.006 0.005]
152 	 [1.755 0.006 0.006 0.005]
153 	 [1.755 0.006 0.006 0.006]
154 	 [1.755 0.006 0.006 0.006]
155 	 [1.755 0.006 0.006 0.006]
156 	 [1.755 0.006 0.006 0.005]
157 	 [1.755 0.006 0.006 0.005]
158 	 [1.755 0.006 0.006 0.005]
159 	 [1.755 0.006 0.006 0.006]
160 	 [1.755 0.006 0.006 0.008]
161 	 [1.755 0.006 0.006 0.005]
162 	 [1.755 0.006 0.006 0.005]
163 	 [1.755 0.006 0.006 0.006]
164 	 [1.755 0.006 0.006 0.005]
165 	 [1.755 0.006 0.006 0.005]
166 	 [1.755 0.006 0.006 0.005]
167 	 [1.755 0.006 0.006 0.007]
168 	 [1.755 0.006 0.006 0.005]
169 	 [1.755 0.006 0.006 0.007]
170 	 [1.755 0.006 0.006 0.007]
171 	 [1.755 0.006 0.006 0.006]
172 	 [1.755 0.006 0.006 0.006]
173 	 [1.755 0.006 0.006 0.006]
174 	 [1.755 0.006 0.006 0.006]
175 	 [1.755 0.006 0.006 0.006]
176 	 [1.755 0.006 0.006 0.007]
177 	 [1.755 0.006 0.006 0.005]
178 	 [1.755 0.006 0.006 0.006]
179 	 [1.755 0.006 0.006 0.005]
180 	 [1.755 0.006 0.006 0.005]
181 	 [1.755 0.006 0.006 0.007]
182 	 [1.755 0.006 0.006 0.006]
183 	 [1.755 0.006 0.006 0.005]
184 	 [1.755 0.006 0.006 0.005]
185 	 [1.755 0.006 0.006 0.006]
186 	 [1.755 0.006 0.006 0.005]
187 	 [1.755 0.006 0.006 0.006]
188 	 [1.755 0.006 0.006 0.006]
189 	 [1.755 0.006 0.006 0.005]
190 	 [1.755 0.006 0.006 0.007]
191 	 [1.755 0.006 0.006 0.006]
192 	 [1.755 0.006 0.006 0.008]
193 	 [1.755 0.006 0.006 0.007]
194 	 [1.755 0.006 0.006 0.006]
195 	 [1.755 0.006 0.006 0.005]
196 	 [1.755 0.006 0.006 0.005]
197 	 [1.755 0.006 0.006 0.005]
198 	 [1.755 0.006 0.006 0.005]
199 	 [1.755 0.006 0.006 0.005]
200 	 [1.755 0.006 0.006 0.005]
201 	 [1.755 0.006 0.006 0.006]
202 	 [1.755 0.006 0.006 0.005]
203 	 [1.755 0.006 0.006 0.006]
204 	 [1.755 0.006 0.006 0.006]
205 	 [1.755 0.006 0.006 0.006]
206 	 [1.755 0.006 0.006 0.006]
207 	 [1.755 0.006 0.006 0.005]
208 	 [1.755 0.006 0.006 0.005]
209 	 [1.755 0.006 0.006 0.008]
210 	 [1.755 0.006 0.006 0.005]
211 	 [1.755 0.006 0.006 0.006]
212 	 [1.755 0.006 0.006 0.005]
213 	 [1.755 0.006 0.006 0.006]
214 	 [1.755 0.006 0.006 0.005]
215 	 [1.755 0.006 0.006 0.006]
216 	 [1.755 0.006 0.006 0.006]
217 	 [1.755 0.006 0.006 0.006]
218 	 [1.755 0.006 0.006 0.006]
219 	 [1.755 0.006 0.006 0.006]
220 	 [1.755 0.006 0.006 0.005]
221 	 [1.755 0.006 0.006 0.005]
222 	 [1.755 0.006 0.006 0.005]
223 	 [1.755 0.006 0.006 0.005]
224 	 [1.755 0.006 0.006 0.005]
225 	 [1.755 0.006 0.006 0.005]
226 	 [1.755 0.006 0.006 0.006]
227 	 [1.755 0.006 0.006 0.011]
228 	 [1.755 0.006 0.006 0.006]
229 	 [1.755 0.006 0.006 0.006]
230 	 [1.755 0.006 0.006 0.006]
231 	 [1.755 0.006 0.006 0.005]
232 	 [1.755 0.006 0.006 0.006]
233 	 [1.755 0.006 0.006 0.005]
234 	 [1.755 0.006 0.006 0.006]
235 	 [1.755 0.006 0.006 0.006]
236 	 [1.755 0.006 0.006 0.006]
237 	 [1.755 0.006 0.006 0.006]
238 	 [1.755 0.006 0.006 0.006]
239 	 [1.755 0.006 0.006 0.005]
240 	 [1.755 0.006 0.006 0.006]
241 	 [1.755 0.006 0.006 0.005]
242 	 [1.755 0.006 0.006 0.006]
243 	 [1.755 0.006 0.006 0.005]
244 	 [1.755 0.006 0.006 0.005]
245 	 [1.755 0.006 0.006 0.006]
246 	 [1.755 0.006 0.007 0.028]
247 	 [1.755 0.006 0.006 0.005]
248 	 [1.755 0.006 0.006 0.006]
249 	 [1.755 0.006 0.006 0.007]
250 	 [1.755 0.006 0.006 0.005]
251 	 [1.755 0.006 0.006 0.005]
252 	 [1.755 0.006 0.006 0.005]
253 	 [1.755 0.006 0.006 0.005]
254 	 [1.755 0.006 0.006 0.005]
255 	 [1.755 0.006 0.006 0.005]
256 	 [1.755 0.006 0.006 0.005]
257 	 [1.755 0.006 0.006 0.005]
258 	 [1.755 0.006 0.006 0.006]
259 	 [1.755 0.006 0.006 0.006]
260 	 [1.755 0.006 0.006 0.005]
261 	 [1.755 0.006 0.006 0.005]
262 	 [1.755 0.006 0.006 0.005]
263 	 [1.755 0.006 0.006 0.005]
264 	 [1.755 0.006 0.006 0.006]
265 	 [1.755 0.006 0.006 0.006]
266 	 [1.755 0.006 0.006 0.005]
267 	 [1.755 0.006 0.006 0.005]
268 	 [1.755 0.006 0.006 0.007]
269 	 [1.755 0.006 0.006 0.005]
270 	 [1.755 0.006 0.006 0.006]
271 	 [1.755 0.006 0.006 0.006]
272 	 [1.755 0.006 0.006 0.005]
273 	 [1.755 0.006 0.006 0.005]
274 	 [1.755 0.006 0.006 0.006]
275 	 [1.755 0.006 0.006 0.006]
276 	 [1.755 0.006 0.006 0.005]
277 	 [1.755 0.006 0.006 0.006]
278 	 [1.755 0.006 0.006 0.005]
279 	 [1.755 0.006 0.006 0.005]
280 	 [1.755 0.006 0.006 0.007]
281 	 [1.755 0.006 0.006 0.006]
282 	 [1.755 0.006 0.006 0.006]
283 	 [1.755 0.006 0.006 0.006]
284 	 [1.755 0.006 0.006 0.006]
285 	 [1.755 0.006 0.006 0.006]
286 	 [1.755 0.006 0.006 0.005]
287 	 [1.755 0.006 0.006 0.006]
288 	 [1.755 0.006 0.006 0.006]
289 	 [1.755 0.006 0.006 0.006]
290 	 [1.755 0.006 0.006 0.009]
291 	 [1.755 0.006 0.006 0.007]
292 	 [1.755 0.006 0.006 0.005]
293 	 [1.755 0.006 0.006 0.006]
294 	 [1.755 0.006 0.006 0.007]
295 	 [1.755 0.006 0.006 0.007]
296 	 [1.755 0.006 0.006 0.008]
297 	 [1.755 0.006 0.006 0.011]
298 	 [1.755 0.006 0.006 0.005]
299 	 [1.755 0.006 0.006 0.006]
300 	 [1.755 0.006 0.006 0.005]
301 	 [1.755 0.006 0.006 0.007]
302 	 [1.755 0.006 0.006 0.006]
303 	 [1.755 0.006 0.006 0.005]
304 	 [1.755 0.006 0.006 0.005]
305 	 [1.755 0.006 0.006 0.005]
306 	 [1.755 0.006 0.006 0.007]
307 	 [1.755 0.006 0.006 0.005]
308 	 [1.755 0.006 0.006 0.006]
309 	 [1.755 0.006 0.006 0.006]
310 	 [1.755 0.006 0.006 0.005]
311 	 [1.755 0.006 0.006 0.005]
312 	 [1.755 0.006 0.006 0.006]
313 	 [1.755 0.006 0.006 0.006]
314 	 [1.755 0.006 0.006 0.008]
315 	 [1.755 0.006 0.006 0.005]
316 	 [1.755 0.006 0.006 0.005]
317 	 [1.755 0.006 0.006 0.005]
318 	 [1.755 0.006 0.006 0.006]
319 	 [1.755 0.006 0.006 0.005]
320 	 [1.755 0.006 0.006 0.006]
321 	 [1.755 0.006 0.006 0.006]
322 	 [1.755 0.006 0.006 0.006]
323 	 [1.755 0.006 0.006 0.006]
324 	 [1.755 0.006 0.006 0.006]
325 	 [1.755 0.006 0.006 0.007]
326 	 [1.755 0.006 0.006 0.005]
327 	 [1.755 0.006 0.006 0.006]
328 	 [1.755 0.006 0.006 0.005]
329 	 [1.755 0.006 0.006 0.005]
330 	 [1.755 0.006 0.006 0.005]
331 	 [1.755 0.006 0.006 0.005]
332 	 [1.755 0.006 0.006 0.007]
333 	 [1.755 0.006 0.006 0.006]
334 	 [1.755 0.006 0.006 0.005]
335 	 [1.755 0.006 0.006 0.005]
336 	 [1.755 0.006 0.006 0.006]
337 	 [1.755 0.006 0.006 0.006]
338 	 [1.755 0.006 0.006 0.005]
339 	 [1.755 0.006 0.006 0.005]
340 	 [1.755 0.006 0.006 0.006]
341 	 [1.755 0.006 0.006 0.006]
342 	 [1.755 0.006 0.006 0.006]
343 	 [1.755 0.006 0.006 0.005]
344 	 [1.755 0.006 0.006 0.007]
345 	 [1.755 0.006 0.006 0.007]
346 	 [1.755 0.006 0.006 0.006]
347 	 [1.755 0.006 0.006 0.005]
348 	 [1.755 0.006 0.006 0.005]
349 	 [1.755 0.006 0.006 0.006]
350 	 [1.755 0.006 0.006 0.005]
351 	 [1.755 0.006 0.006 0.006]
352 	 [1.755 0.006 0.006 0.005]
353 	 [1.755 0.006 0.006 0.009]
354 	 [1.755 0.006 0.006 0.005]
355 	 [1.755 0.006 0.006 0.006]
356 	 [1.755 0.006 0.006 0.006]
357 	 [1.755 0.006 0.006 0.005]
358 	 [1.755 0.006 0.006 0.005]
359 	 [1.755 0.006 0.006 0.007]
360 	 [1.755 0.006 0.006 0.007]
361 	 [1.755 0.006 0.006 0.006]
362 	 [1.755 0.006 0.006 0.006]
363 	 [1.755 0.006 0.006 0.006]
364 	 [1.755 0.006 0.006 0.006]
365 	 [1.755 0.006 0.006 0.006]
366 	 [1.755 0.006 0.006 0.005]
367 	 [1.755 0.006 0.006 0.006]
368 	 [1.755 0.006 0.006 0.006]
369 	 [1.755 0.006 0.006 0.006]
370 	 [1.755 0.006 0.006 0.006]
371 	 [1.755 0.006 0.006 0.005]
372 	 [1.755 0.006 0.006 0.007]
373 	 [1.755 0.006 0.006 0.006]
374 	 [1.755 0.006 0.006 0.005]
375 	 [1.755 0.006 0.007 0.023]
376 	 [1.755 0.006 0.006 0.007]
377 	 [1.755 0.006 0.006 0.006]
378 	 [1.755 0.006 0.006 0.006]
379 	 [1.755 0.006 0.006 0.005]
380 	 [1.755 0.006 0.006 0.005]
381 	 [1.755 0.006 0.006 0.005]
382 	 [1.755 0.006 0.006 0.006]
383 	 [1.755 0.006 0.006 0.006]
384 	 [1.755 0.006 0.006 0.006]
385 	 [1.755 0.006 0.006 0.005]
386 	 [1.755 0.006 0.006 0.005]
387 	 [1.755 0.006 0.006 0.006]
388 	 [1.755 0.006 0.006 0.006]
389 	 [1.755 0.006 0.006 0.007]
390 	 [1.755 0.006 0.006 0.007]
391 	 [1.755 0.006 0.006 0.006]
392 	 [1.755 0.006 0.006 0.006]
393 	 [1.755 0.006 0.006 0.005]
394 	 [1.755 0.006 0.006 0.005]
395 	 [1.755 0.006 0.006 0.007]
396 	 [1.755 0.006 0.006 0.005]
397 	 [1.755 0.006 0.006 0.005]
398 	 [1.755 0.006 0.006 0.006]
399 	 [1.755 0.006 0.006 0.006]
400 	 [1.755 0.006 0.006 0.006]
401 	 [1.755 0.006 0.006 0.006]
402 	 [1.755 0.006 0.006 0.005]
403 	 [1.755 0.006 0.006 0.005]
404 	 [1.755 0.006 0.006 0.005]
405 	 [1.755 0.006 0.006 0.006]
406 	 [1.755 0.006 0.006 0.006]
407 	 [1.755 0.006 0.006 0.006]
408 	 [1.755 0.006 0.006 0.006]
409 	 [1.755 0.006 0.006 0.006]
410 	 [1.755 0.006 0.006 0.005]
411 	 [1.755 0.006 0.006 0.006]
412 	 [1.755 0.006 0.006 0.005]
413 	 [1.755 0.006 0.006 0.007]
414 	 [1.755 0.006 0.006 0.005]
415 	 [1.755 0.006 0.006 0.006]
416 	 [1.755 0.006 0.006 0.007]
417 	 [1.755 0.006 0.006 0.006]
418 	 [1.755 0.006 0.006 0.006]
419 	 [1.755 0.006 0.006 0.005]
420 	 [1.755 0.006 0.006 0.006]
421 	 [1.755 0.006 0.006 0.006]
422 	 [1.755 0.006 0.006 0.01 ]
423 	 [1.755 0.006 0.006 0.005]
424 	 [1.755 0.006 0.006 0.005]
425 	 [1.755 0.006 0.006 0.005]
426 	 [1.755 0.006 0.006 0.006]
427 	 [1.755 0.006 0.006 0.005]
428 	 [1.755 0.006 0.006 0.007]
429 	 [1.755 0.006 0.006 0.005]
430 	 [1.755 0.006 0.006 0.005]
431 	 [1.755 0.006 0.006 0.006]
432 	 [1.755 0.006 0.006 0.005]
433 	 [1.755 0.006 0.006 0.005]
434 	 [1.755 0.006 0.006 0.009]
435 	 [1.755 0.006 0.006 0.005]
436 	 [1.755 0.006 0.006 0.006]
437 	 [1.755 0.006 0.006 0.005]
438 	 [1.755 0.006 0.006 0.006]
439 	 [1.755 0.006 0.006 0.005]
440 	 [1.755 0.006 0.006 0.006]
441 	 [1.755 0.006 0.006 0.005]
442 	 [1.755 0.006 0.006 0.007]
443 	 [1.755 0.006 0.006 0.006]
444 	 [1.755 0.006 0.006 0.006]
445 	 [1.755 0.006 0.006 0.006]
446 	 [1.755 0.006 0.006 0.006]
447 	 [1.755 0.006 0.006 0.006]
448 	 [1.755 0.006 0.006 0.005]
449 	 [1.755 0.006 0.006 0.007]
450 	 [1.755 0.006 0.006 0.005]
451 	 [1.755 0.006 0.006 0.005]
452 	 [1.755 0.006 0.011 0.616]
453 	 [1.755 0.006 0.006 0.006]
454 	 [1.755 0.006 0.006 0.005]
455 	 [1.755 0.006 0.006 0.006]
456 	 [1.755 0.006 0.006 0.007]
457 	 [1.755 0.006 0.006 0.005]
458 	 [1.755 0.006 0.006 0.005]
459 	 [1.755 0.006 0.006 0.005]
460 	 [1.755 0.006 0.006 0.006]
461 	 [1.755 0.006 0.006 0.005]
462 	 [1.755 0.006 0.006 0.006]
463 	 [1.755 0.006 0.006 0.006]
464 	 [1.755 0.006 0.006 0.006]
465 	 [1.755 0.006 0.006 0.006]
466 	 [1.755 0.006 0.006 0.005]
467 	 [1.755 0.006 0.006 0.006]
468 	 [1.755 0.006 0.006 0.005]
469 	 [1.755 0.006 0.006 0.005]
470 	 [1.755 0.006 0.006 0.005]
471 	 [1.755 0.006 0.006 0.008]
472 	 [1.755 0.006 0.006 0.005]
473 	 [1.755 0.006 0.006 0.005]
474 	 [1.755 0.006 0.006 0.006]
475 	 [1.755 0.006 0.006 0.006]
476 	 [1.755 0.006 0.006 0.006]
477 	 [1.755 0.006 0.006 0.006]
478 	 [1.755 0.006 0.006 0.005]
479 	 [1.755 0.006 0.006 0.005]
480 	 [1.755 0.006 0.006 0.006]
481 	 [1.755 0.006 0.006 0.005]
482 	 [1.755 0.006 0.006 0.005]
483 	 [1.755 0.006 0.006 0.005]
484 	 [1.755 0.006 0.006 0.007]
485 	 [1.755 0.006 0.006 0.005]
486 	 [1.755 0.006 0.006 0.006]
487 	 [1.755 0.006 0.006 0.006]
488 	 [1.755 0.006 0.006 0.005]
489 	 [1.755 0.006 0.006 0.005]
